46
4
0;65:65:65;__disertation_experiments\dataset\7\7\contrast_split\straight\0-0.bmp, 79.26217695092745, 0.399964968260325, 0.697116493656286,0.6984793917567027,0.5485490196078431,0.3776589423648247,0.589273356401384,0.5485956544780075,0.6188235294117648,0.5265737874097006,0.6180613090306545,0.5165085388994308, 692
1;185:65:65;__disertation_experiments\dataset\7\7\contrast_split\straight\1-0.bmp, 77.00196016767754, 0.1566787364908739, 0.495040369088812,0.39417892156862744,0.3726143790849673,0.42307189542483664,0.49873949579831933,0.46540880503144655,0.27450980392156865,0.3200182398540812,0.30410830999066296,0.4409150326797386, 547
10;65:130:130;__disertation_experiments\dataset\7\7\contrast_split\straight\10-175.bmp, 53.29476332847272, 0.6680722947620018, 0.5520184544405997,0.474001452432825,0.3394714407502131,0.37831603229527105,0.31159663865546217,0.3439446366782007,0.3600713012477718,0.6742362061103511,0.4794584500466853,0.5466666666666666, 384
11;185:130:130;__disertation_experiments\dataset\7\7\contrast_split\straight\11-0.bmp, 50.15747373924048, 0.9505468748776831, 0.5925925925925926,0.4426704014939309,0.5558823529411765,0.5037908496732026,0.6700435729847495,0.32342047930283224,0.3915601023017903,0.1830065359477124,0.5479411764705883,0.5266106442577031, 414
12;65:130:185;__disertation_experiments\dataset\7\7\contrast_split\straight\12-0.bmp, 48.62653899666438, 0.7330263778505186, 0.5938375350140056,0.3224400871459695,0.4703921568627451,0.4484366719660837,0.6565826330532213,0.3360114777618365,0.5569396386005383,0.3423885918003565,0.51639549436796,0.6365418894830659, 408
13;185:130:185;__disertation_experiments\dataset\7\7\contrast_split\straight\13-175.bmp, 44.1752402289578, 0.8442819497380124, 0.6720330237358102,0.5008130081300813,0.44149566803465573,0.3474509803921568,0.44089635854341735,0.40200250312891117,0.49041805401405847,0.4933503836317135,0.5455436720142602,0.6333333333333333, 391
14;65:130:250;__disertation_experiments\dataset\7\7\contrast_split\straight\14-0.bmp, 44.046558401752506, 0.5812821434657257, 0.5700115340253749,0.5139959432048681,0.47485582468281434,0.5631372549019608,0.4321350762527233,0.35812776723592665,0.35355392156862747,0.3301470588235294,0.407337128399747,0.575326797385621, 346
15;185:130:250;__disertation_experiments\dataset\7\7\contrast_split\straight\15-0.bmp, 61.348342957997474, 0.7131517963734225, 0.49815126050420167,0.5227382180942552,0.3909633418584825,0.21263616557734205,0.2657811511701455,0.3797160243407708,0.42289348171701113,0.3749019607843137,0.48333333333333334,0.5157340985174558, 437
16;65:185:65;__disertation_experiments\dataset\7\7\contrast_split\straight\16-0.bmp, 43.36387704203624, 0.7872837261872097, 0.49333333333333335,0.3223529411764706,0.3556561085972851,0.47615433270082225,0.7041522491349481,0.6289348171701113,0.217703081232493,0.4276520864756159,0.34431372549019607,0.6431372549019608, 328
17;185:185:65;__disertation_experiments\dataset\7\7\contrast_split\straight\17-0.bmp, 41.29657422699905, 0.8865683447174338, 0.44102564102564107,0.2609243697478992,0.16132897603485838,0.4526610644257703,0.7473604826546003,0.531425543190249,0.4246771879483501,0.476078431372549,0.41072664359861594,0.6238562091503268, 344
18;65:185:130;__disertation_experiments\dataset\7\7\contrast_split\straight\18-0.bmp, 44.00717813810013, 0.7876137104308859, 0.6100840336134454,0.535126050420168,0.47843137254901963,0.48000000000000004,0.41475256769374413,0.5159041394335512,0.48104575163398694,0.48798391151332327,0.3697167755991285,0.5570332480818414, 359
19;185:185:130;__disertation_experiments\dataset\7\7\contrast_split\straight\19-0.bmp, 45.32579333761996, 0.6190354858851514, 0.5828054298642534,0.41488185017596785,0.3410704822469528,0.500891265597148,0.5710309930423783,0.6532574320050601,0.28965141612200435,0.2273321449792038,0.5604166666666667,0.4953242835595777, 320
2;65:65:130;__disertation_experiments\dataset\7\7\contrast_split\straight\2-0.bmp, 75.33054075157887, 0.7232556680681955, 0.5130718954248367,0.3955108359133127,0.3860633484162896,0.403921568627451,0.48977591036414564,0.4773231031543052,0.28787218591140157,0.4098715348208249,0.362962962962963,0.4668677727501257, 568
20;65:185:185;__disertation_experiments\dataset\7\7\contrast_split\straight\20-0.bmp, 42.12482184057166, 0.39361300657525505, 0.5852941176470589,0.49816176470588236,0.49736694677871146,0.5078431372549019,0.3637254901960784,0.5152435167615432,0.5064856711915535,0.480161476355248,0.3809150326797386,0.5658263305322129, 305
21;185:185:185;__disertation_experiments\dataset\7\7\contrast_split\straight\21-0.bmp, 46.69856654138161, 0.6037325413519028, 0.6666666666666666,0.39841628959276015,0.35468409586056643,0.589828431372549,0.3031590413943355,0.24369747899159666,0.22794117647058823,0.40029411764705886,0.6161764705882353,0.58657616892911, 369
22;65:185:250;__disertation_experiments\dataset\7\7\contrast_split\straight\22-10.bmp, 45.59351944021616, 0.7733217965108852, 0.6479638009049774,0.6459150326797386,0.4326559714795009,0.5661243220692532,0.669467787114846,0.7373669467787115,0.4788235294117647,0.2754325259515571,0.6383193277310925,0.561236802413273, 380
23;185:185:250;__disertation_experiments\dataset\7\7\contrast_split\straight\23-0.bmp, 38.057786282701485, 0.7714671886840081, 0.6324183006535948,0.3708683473389356,0.48932461873638344,0.503030303030303,0.662091503267974,0.42969187675070025,0.21568627450980393,0.44016227180527384,0.7001434720229555,0.738375350140056, 298
24;65:250:65;__disertation_experiments\dataset\7\7\contrast_split\straight\24-175.bmp, 38.92967407401101, 0.699751596614508, 0.5860566448801744,0.5058823529411764,0.2809005083514888,0.22318840579710145,0.4879336349924585,0.49183006535947715,0.6213071895424837,0.5264129181084198,0.498456403838131,0.5389140271493214, 307
25;185:250:65;__disertation_experiments\dataset\7\7\contrast_split\straight\25-0.bmp, 29.020046424332424, 0.9342509562492378, 0.6980392156862745,0.6647843137254902,0.6630718954248367,0.7199346405228758,0.34291938997821353,0.4631578947368421,0.6475490196078432,0.49558823529411766,0.6199346405228758,0.6426470588235295, 234
26;65:250:130;__disertation_experiments\dataset\7\7\contrast_split\straight\26-175.bmp, 31.3056211437906, 0.6825634747870846, 0.6893246187363834,0.6705882352941176,0.3460030165912519,0.5347593582887701,0.45476190476190476,0.3110209601081812,0.37058823529411766,0.5491901108269395,0.6053475935828877,0.5250980392156863, 221
27;185:250:130;__disertation_experiments\dataset\7\7\contrast_split\straight\27-175.bmp, 34.310253644296154, 0.5285226451577572, 0.2549019607843137,0.4588235294117647,0.45824255628177196,0.5099547511312218,0.4750213128729753,0.2924585218702866,0.3898039215686275,0.4549019607843137,0.40588235294117647,0.6, 231
28;65:250:185;__disertation_experiments\dataset\7\7\contrast_split\straight\28-0.bmp, 30.165392009510786, 0.8873559842894022, 0.5906485671191554,0.5927378358750908,0.6447349310094409,0.4907770515613653,0.579248366013072,0.2584825234441603,0.3769607843137255,0.285972850678733,0.5401206636500754,0.5818369453044376, 254
29;185:250:185;__disertation_experiments\dataset\7\7\contrast_split\straight\29-175.bmp, 29.660756330129395, 0.6347879713605554, 0.7341176470588234,0.638655462184874,0.24556489262371617,0.5864379084967319,0.42265795206971674,0.381217750257998,0.17721755368814193,0.3827791986359761,0.5073762838468721,0.4407239819004525, 206
3;185:65:130;__disertation_experiments\dataset\7\7\contrast_split\straight\3-0.bmp, 74.21355951286509, 0.5538621020393312, 0.6819964349376114,0.6494830659536542,0.38046614872364043,0.28842203548085904,0.4933155080213904,0.39758030871923233,0.6264866602378657,0.3858076563958917,0.489126559714795,0.5302745098039215, 584
30;65:250:250;__disertation_experiments\dataset\7\7\contrast_split\straight\30-0.bmp, 31.160355258673086, 0.90540960179561, 0.5050980392156863,0.550280112044818,0.3644042232277526,0.2440087145969499,0.3060331825037707,0.49673202614379086,0.6906862745098039,0.6560224089635854,0.6119155354449473,0.5282051282051281, 277
31;185:250:250;__disertation_experiments\dataset\7\7\contrast_split\straight\31-0.bmp, 28.601990887831438, 0.6384743588207219, 0.7014705882352941,0.6196078431372549,0.6132352941176471,0.6405882352941176,0.42392156862745095,0.22518059855521155,0.47941176470588237,0.3174406604747162,0.4966274509803922,0.5861811391223156, 224
32;130:65:65;__disertation_experiments\dataset\7\7\contrast_split\straight\32-0.bmp, 25.893995051960328, 0.7428096457779786, 0.4553921568627451,0.5374416433239962,0.4949346405228758,0.3602941176470588,0.6260061919504644,0.7208333333333333,0.6442906574394464,0.30659536541889487,0.3910873440285205,0.5700980392156862, 199
33;250:65:65;__disertation_experiments\dataset\7\7\contrast_split\straight\33-175.bmp, 24.40647199750602, 0.828910107837079, 0.22450980392156863,0.45376344086021503,0.47015250544662307,0.6623093681917211,0.6996078431372549,0.5661998132586368,0.49094304388422033,0.5744066047471621,0.5164086687306502,0.6927170868347339, 207
34;130:65:130;__disertation_experiments\dataset\7\7\contrast_split\straight\34-0.bmp, 26.08370823583858, 0.9398345485500391, 0.4774509803921569,0.5488235294117647,0.5673890608875128,0.583442265795207,0.23947712418300654,0.23161764705882354,0.6151515151515152,0.4166089965397924,0.3305882352941176,0.41845444059976933, 200
35;250:65:130;__disertation_experiments\dataset\7\7\contrast_split\straight\35-175.bmp, 26.668201452903222, 0.5255193025628526, 0.5207843137254903,0.4964052287581699,0.22959001782531194,0.47973856209150323,0.46934046345811054,0.25392156862745097,0.2549019607843137,0.5368191721132898,0.4982174688057041,0.27712418300653596, 202
36;130:65:185;__disertation_experiments\dataset\7\7\contrast_split\straight\36-0.bmp, 48.035266770584506, 0.841792417696952, 0.45923632610939114,0.43607843137254904,0.4007843137254902,0.545546218487395,0.49359477124183004,0.3674509803921569,0.27785467128027685,0.37411764705882355,0.3790476190476191,0.41942110177404296, 364
37;250:65:185;__disertation_experiments\dataset\7\7\contrast_split\straight\37-0.bmp, 22.03131063026533, 0.6694923536673397, 0.5869281045751633,0.2718954248366013,0.1837535014005602,0.4009049773755656,0.20756302521008405,0.4934046345811052,0.47091503267973855,0.4929110105580694,0.5263305322128852,0.5088235294117647, 145
38;130:65:250;__disertation_experiments\dataset\7\7\contrast_split\straight\38-10.bmp, 22.12283182141555, 0.7994645677337245, 0.6065359477124183,0.46638655462184875,0.49785247432306257,0.5725490196078431,0.3871895424836601,0.4633053221288515,0.43109243697478994,0.42483660130718953,0.5360294117647059,0.4818300653594771, 158
39;250:65:250;__disertation_experiments\dataset\7\7\contrast_split\straight\39-175.bmp, 16.99853090592841, 0.5762376858131465, 0.7111111111111111,0.5747276688453159,0.47352941176470587,0.5330065359477124,0.579788838612368,0.5862745098039216,0.5571428571428572,0.2971342383107089,0.3796078431372549,0.6205882352941177, 117
4;65:65:185;__disertation_experiments\dataset\7\7\contrast_split\straight\4-0.bmp, 67.32953057542207, 0.9570222027542535, 0.44593837535014,0.40929241261722077,0.5604826546003017,0.5141099577085736,0.37344771241830066,0.359343737494998,0.5600580973129993,0.41040723981900457,0.3493212669683258,0.5358974358974359, 473
40;130:130:65;__disertation_experiments\dataset\7\7\contrast_split\straight\40-170.bmp, 18.334330394222633, 0.30327835583389917, 0.6549019607843137,0.6937254901960784,0.6860130718954248,0.628921568627451,0.6129713423831071,0.5222816399286988,0.3014705882352941,0.33262032085561494,0.596078431372549,0.6366013071895426, 131
41;250:130:65;__disertation_experiments\dataset\7\7\contrast_split\straight\41-10.bmp, 19.767450485032214, 0.9536478827746361, 0.649673202614379,0.6428355957767723,0.6039215686274509,0.1681917211328976,0.2977591036414566,0.5644607843137255,0.6615384615384615,0.6774509803921569,0.6622837370242214,0.6607843137254902, 137
42;130:130:130;__disertation_experiments\dataset\7\7\contrast_split\straight\42-175.bmp, 20.140300206001523, 0.5931290353816322, 0.4101960784313725,0.18645276292335117,0.2213903743315508,0.2,0.3384313725490196,0.3176470588235294,0.23562091503267973,0.40751633986928104,0.45098039215686275,0.4823529411764706, 110
43;250:130:130;__disertation_experiments\dataset\7\7\contrast_split\straight\43-175.bmp, 15.632102165287925, 0.9392368203586403, 0.7254901960784313,0.7065953654188949,0.6818300653594771,0.5586056644880175,0.5297134238310709,0.6401960784313725,0.6867647058823529,0.3592156862745098,0.43529411764705883,0.545751633986928, 113
44;130:130:185;__disertation_experiments\dataset\7\7\contrast_split\straight\44-175.bmp, 14.345069716051665, 0.6852632587679396, 0.5882352941176471,0.6308823529411764,0.5786096256684492,0.5218954248366013,0.34845938375350144,0.19264705882352942,0.25725490196078427,0.38480392156862747,0.5150326797385621,0.5699346405228759, 85
45;250:130:185;__disertation_experiments\dataset\7\7\contrast_split\straight\45-175.bmp, 12.186164956458722, 0.6322221524285331, 0.7145098039215686,0.6850980392156862,0.7168627450980393,0.6226579520697167,0.45664488017429194,0.25010893246187366,0.23294117647058823,0.3243697478991596,0.5428571428571428,0.5754901960784313, 85
5;185:65:185;__disertation_experiments\dataset\7\7\contrast_split\straight\5-0.bmp, 62.01038159055271, 0.920461302892841, 0.5423529411764706,0.3748558246828143,0.5089635854341736,0.48379772961816303,0.5385127635960044,0.39101307189542484,0.3797953964194373,0.4328054298642534,0.4910099889012209,0.5235294117647059, 514
6;65:65:250;__disertation_experiments\dataset\7\7\contrast_split\straight\6-0.bmp, 61.86793439417874, 0.7600794951843025, 0.49910873440285203,0.4598039215686274,0.6316526610644259,0.5267450980392157,0.3055486024196913,0.42563366810138686,0.5788982259570495,0.4964841108857336,0.4380771663504111,0.6299810246679317, 484
7;185:65:250;__disertation_experiments\dataset\7\7\contrast_split\straight\7-0.bmp, 52.94638668384915, 0.5320716227210622, 0.593048128342246,0.3958521870286576,0.4774509803921569,0.4724122207022344,0.5294117647058824,0.3001705029838022,0.370343137254902,0.5709292412617221,0.4158686730506156,0.6518518518518519, 422
8;65:130:65;__disertation_experiments\dataset\7\7\contrast_split\straight\8-175.bmp, 57.80939488439106, 0.5677288955234686, 0.546482122260669,0.32573529411764707,0.48101960784313724,0.3923969587835134,0.42112299465240643,0.3748663101604278,0.40358056265984654,0.42208462332301344,0.36854219948849104,0.47436456063907045, 419
9;185:130:65;__disertation_experiments\dataset\7\7\contrast_split\straight\9-0.bmp, 55.479916497059115, 0.6178129860370868, 0.5493606138107416,0.24866767219708397,0.4322204557498675,0.4077596996245307,0.5116794543904518,0.40480192076830734,0.3127877237851662,0.4847930283224401,0.30802987861811393,0.3417112299465241, 416
