47
4
0;65:65:65;F:\GIT\MasterThesisApp\KaryPy\__disertation_experiments\dataset\6\6\contrast_split\straight\0-0.bmp, 121.1084009406424, 0.9629225269872709, 0.7674019607843138,0.6955375253549696,0.6677327241576242,0.594238683127572,0.5661998132586368,0.5239379084967319,0.5141212448282065,0.40446123403489836,0.5024974200206398,0.4300653594771242,0.5557932263814617,0.5597462514417533,0.4496732026143791,0.5165266106442578,0.6549480968858131,0.5740448756822316,0.5142434332223454,0.37037037037037035,0.5680672268907563,0.5199754901960785,0.4970873786407767,0.5038815526210484,0.6090112640801001, 2150
1;185:65:65;F:\GIT\MasterThesisApp\KaryPy\__disertation_experiments\dataset\6\6\contrast_split\straight\1-165.bmp, 125.24943110511352, 0.9414627125620426, 0.6605392156862745,0.5719503068402935,0.5645564892623716,0.5768627450980391,0.5124075859852137,0.4850140056022409,0.4804146946134776,0.5553041729512318,0.5563663440059569,0.45877124183006535,0.3484429065743945,0.5719298245614035,0.5694117647058823,0.5526256479603335,0.4506728181468666,0.4836007130124777,0.4195225916453538,0.4844884488448845,0.5340948029697316,0.5803529411764706,0.6137056842939197,0.6424276377217554,0.6536369386464264, 2046
10;65:130:130;F:\GIT\MasterThesisApp\KaryPy\__disertation_experiments\dataset\6\6\contrast_split\straight\10-0.bmp, 74.6940915590381, 0.9867371092739805, 0.7215686274509804,0.5362200435729848,0.3943734015345268,0.5583621683967704,0.5072398190045249,0.46705882352941175,0.4961636828644501,0.5412676698586412,0.5291248206599714,0.5009575923392613,0.5935729847494553,0.6203497615262321,0.4849939975990396,0.3636260301221938,0.5478662053056517,0.651312728481223,0.4785599485695918,0.3104575163398693,0.49898798228969005,0.5050749711649365,0.489573607220666,0.605920799692426,0.723614663256607, 1234
11;185:130:130;F:\GIT\MasterThesisApp\KaryPy\__disertation_experiments\dataset\6\6\contrast_split\straight\11-0.bmp, 68.01046838908597, 0.7334317360555082, 0.6681372549019607,0.5830588235294117,0.4913165266106443,0.463360246059208,0.5933823529411765,0.6108734402852051,0.48333333333333334,0.39659442724458205,0.5092739798622152,0.3780185758513932,0.39354094579008075,0.37605779153766766,0.4087609511889862,0.3129251700680272,0.37623049219687876,0.4670668267306923,0.3638600538254517,0.3925490196078431,0.4080065359477124,0.4753267973856209,0.5467667918231122,0.5632244008714598,0.665359477124183, 1046
12;65:130:185;F:\GIT\MasterThesisApp\KaryPy\__disertation_experiments\dataset\6\6\contrast_split\straight\12-0.bmp, 67.03541780601444, 0.5532990258738761, 0.6151260504201681,0.45281602002503124,0.4575932333717801,0.411837327523602,0.48904267589388695,0.5664884135472371,0.5145863223338115,0.3900392156862745,0.468218954248366,0.40645424836601307,0.35947712418300654,0.3886437908496732,0.38815359477124184,0.27009803921568626,0.35727124183006537,0.39853902345251824,0.3193028322440087,0.37666666666666665,0.366546618647459,0.3690359477124183,0.44354575163398696,0.4950762527233115,0.582420554428668, 1094
13;185:130:185;F:\GIT\MasterThesisApp\KaryPy\__disertation_experiments\dataset\6\6\contrast_split\straight\13-175.bmp, 70.52116255248009, 0.9513882828028402, 0.7316993464052288,0.6266370699223085,0.49239766081871345,0.46373790022338046,0.4763116057233704,0.34769026254569624,0.3306501547987616,0.46464460784313727,0.5976470588235294,0.37831603229527105,0.29968627450980395,0.503641456582633,0.5018695850433197,0.5021568627450981,0.45669934640522875,0.432051282051282,0.46013071895424834,0.4537014805922369,0.48986374210701233,0.505532212885154,0.4385026737967914,0.3559912854030501,0.5612105711849957, 1241
14;65:130:250;F:\GIT\MasterThesisApp\KaryPy\__disertation_experiments\dataset\6\6\contrast_split\straight\14-0.bmp, 64.0369658339099, 0.788321689327244, 0.7434173669467787,0.6578005115089514,0.575735294117647,0.4966013071895425,0.4359702501690331,0.43447712418300655,0.46711229946524063,0.5395294117647059,0.5706816059757236,0.49518716577540106,0.5692997198879552,0.66937441643324,0.6780185758513931,0.6256209150326797,0.5457065584854631,0.37189542483660126,0.29534313725490197,0.3207390648567119,0.5007843137254903,0.6448572411420709,0.618158567774936,0.5670076726342711,0.6806372549019608, 1127
15;185:130:250;F:\GIT\MasterThesisApp\KaryPy\__disertation_experiments\dataset\6\6\contrast_split\straight\15-175.bmp, 64.18827099762834, 0.6481531578635845, 0.7905228758169935,0.6803043605501903,0.5929971988795518,0.6454361054766734,0.6350700280112045,0.5690756302521008,0.4381870781099325,0.4050326797385621,0.36109391124871004,0.4783239323126511,0.4745683347966052,0.4691553544494721,0.6391223155929039,0.6562908496732026,0.46154461784713885,0.4229411764705882,0.541486068111455,0.5667392883079158,0.5151213027583915,0.4331764705882353,0.44754901960784316,0.6389978213507626,0.676610644257703, 1250
16;65:185:65;F:\GIT\MasterThesisApp\KaryPy\__disertation_experiments\dataset\6\6\contrast_split\straight\16-0.bmp, 62.09281722359402, 0.698596749689677, 0.6546218487394958,0.6134313725490197,0.5438779956427016,0.5377201728148887,0.5966503267973856,0.4680306905370844,0.42673069227691074,0.6079463364293085,0.6198782961460446,0.47553688141923434,0.4227290916366547,0.4400682011935209,0.42994652406417116,0.352390780873753,0.339386189258312,0.4106442577030812,0.47431040212695247,0.3641339869281046,0.3582202111613876,0.47011494252873565,0.5630588235294118,0.5961601307189542,0.6525252525252526, 1083
17;185:185:65;F:\GIT\MasterThesisApp\KaryPy\__disertation_experiments\dataset\6\6\contrast_split\straight\17-0.bmp, 62.046334144067124, 0.6499410597023091, 0.6879901960784314,0.5893246187363834,0.542483660130719,0.5513574660633483,0.5765617875057,0.5246694026447788,0.49714052287581695,0.5680975092739798,0.607961972667855,0.5384404924760602,0.43464052287581695,0.4102707749766573,0.4516478931998331,0.4022703818369453,0.36549019607843136,0.4547314578005115,0.47371096586782857,0.35294117647058826,0.34723707664884135,0.515686274509804,0.4981304149566803,0.5665732959850607,0.6809614168247945, 1040
18;65:185:130;F:\GIT\MasterThesisApp\KaryPy\__disertation_experiments\dataset\6\6\contrast_split\straight\18-0.bmp, 63.08163528425872, 0.6456521888822646, 0.6991596638655462,0.5040668119099492,0.4186046511627907,0.4460592079969243,0.47825311942959003,0.5104423164614683,0.4639966624947851,0.5569687334393217,0.5864809081527348,0.49121568627450984,0.35555555555555557,0.3673469387755102,0.5791666666666667,0.5885918003565063,0.4595744680851064,0.37819607843137254,0.5240522875816993,0.528921568627451,0.42703379224030036,0.45125084516565245,0.5649509803921569,0.6454172366621067,0.702865761689291, 1097
19;185:185:130;F:\GIT\MasterThesisApp\KaryPy\__disertation_experiments\dataset\6\6\contrast_split\straight\19-0.bmp, 61.00845684618788, 0.6245186857201864, 0.803921568627451,0.615686274509804,0.631729055258467,0.6092691622103387,0.5397821350762527,0.49319492502883505,0.5524384112619406,0.5471741637831603,0.5034132171387073,0.5724430312665607,0.4197860962566845,0.42825130052020804,0.6216042780748663,0.6346245815399331,0.5949197860962567,0.449953314659197,0.4878090366581415,0.5907044299201162,0.5441394335511983,0.474161220043573,0.5517211328976035,0.6180205415499533,0.672210953346856, 993
2;65:65:130;F:\GIT\MasterThesisApp\KaryPy\__disertation_experiments\dataset\6\6\contrast_split\straight\2-0.bmp, 109.08835971105937, 0.6725927157556155, 0.658578431372549,0.5262032085561498,0.4572087658592849,0.41141220533157086,0.451640866873065,0.3849139655862345,0.4961201501877347,0.42071510957324104,0.4552941176470588,0.568563162970106,0.4918169934640523,0.47137254901960784,0.49342814048696404,0.4146613190730838,0.3342453260373917,0.39784313725490195,0.44899896800825595,0.34524509803921566,0.3522091503267974,0.4180392156862745,0.4657217103708954,0.4441830065359477,0.6620248099239696, 1923
20;65:185:185;F:\GIT\MasterThesisApp\KaryPy\__disertation_experiments\dataset\6\6\contrast_split\straight\20-0.bmp, 61.01277392318116, 0.9274048479086031, 0.7254901960784313,0.6081045751633987,0.50812324929972,0.3870138219222115,0.37785467128027683,0.44728079911209767,0.5632874426366291,0.6008403361344539,0.43902439024390244,0.42408963585434173,0.5381776239907728,0.6462936394069824,0.6715686274509803,0.5829193899782135,0.37475060199518406,0.37027450980392157,0.3165266106442577,0.3376906318082789,0.5288735101883891,0.6146227982718511,0.5783062161034627,0.5754010695187165,0.6712418300653594, 1087
21;185:185:185;F:\GIT\MasterThesisApp\KaryPy\__disertation_experiments\dataset\6\6\contrast_split\straight\21-0.bmp, 58.02460903139048, 0.714172631688331, 0.6912655971479501,0.5887135341941655,0.36486274509803923,0.38160597572362276,0.3785467128027682,0.5175558595531236,0.6008169934640524,0.48389780154486034,0.44611764705882356,0.47477124183006536,0.5348171701112878,0.5169934640522876,0.42125237191650855,0.28493543758967,0.35409457900807384,0.46885544915640676,0.5117647058823529,0.3516339869281046,0.3687782805429864,0.4104297037964122,0.43311546840958604,0.6344733242134063,0.7310754604872253, 933
22;65:185:250;F:\GIT\MasterThesisApp\KaryPy\__disertation_experiments\dataset\6\6\contrast_split\straight\22-0.bmp, 61.10267884219284, 0.6907152561117367, 0.7116138763197586,0.579673202614379,0.5042265795206972,0.5232886136910905,0.535702614379085,0.5436974789915966,0.4723900370959194,0.5563025210084034,0.5583877995642701,0.5189075630252101,0.5368067226890756,0.5658387799564271,0.45520361990950226,0.3586452762923351,0.4697424067666282,0.5841269841269842,0.5650706794345646,0.46570806100217865,0.38169934640522873,0.5433155080213903,0.6343355119825709,0.7110105580693816,0.7204066811909949, 971
23;185:185:250;F:\GIT\MasterThesisApp\KaryPy\__disertation_experiments\dataset\6\6\contrast_split\straight\23-0.bmp, 58.39478303032678, 0.9176713830085553, 0.6870588235294117,0.6113087095303238,0.4683369644153958,0.3269086357947434,0.3474716202270382,0.44714226115978306,0.5004998077662437,0.400445632798574,0.37993079584775086,0.5402387041773231,0.5522100365569957,0.40622837370242215,0.400547195622435,0.3734369219385868,0.3235294117647059,0.3261561228264891,0.3915966386554622,0.46509803921568627,0.5609653092006034,0.592684766214178,0.5371592539454806,0.543355119825708,0.6526610644257702, 1105
24;65:250:65;F:\GIT\MasterThesisApp\KaryPy\__disertation_experiments\dataset\6\6\contrast_split\straight\24-0.bmp, 51.01901623177229, 0.9713956111497274, 0.7308823529411764,0.6036764705882353,0.6371459694989107,0.6058823529411764,0.4983096686950642,0.5305322128851541,0.5016903313049358,0.4978015448603684,0.426318082788671,0.4351272423863162,0.5461300309597523,0.48696078431372547,0.367843137254902,0.38591436574629856,0.5353325643983083,0.5932920536635706,0.6014447884416925,0.5826625386996903,0.5799793601651186,0.6114309553608678,0.522569879015436,0.5197167755991285,0.738562091503268, 885
25;185:250:65;F:\GIT\MasterThesisApp\KaryPy\__disertation_experiments\dataset\6\6\contrast_split\straight\25-0.bmp, 48.541281137910694, 0.7694252170375864, 0.7098039215686275,0.6428235294117647,0.6302106027596224,0.5686274509803921,0.5667226890756302,0.6069204152249135,0.5995760466348702,0.5342872284048755,0.5125777140124342,0.5349376114081996,0.5108269394714408,0.47033523086654017,0.4963235294117647,0.4248663101604278,0.33683771380892785,0.4123249299719888,0.4282182438192669,0.355119825708061,0.4374331550802139,0.5634290925672594,0.5947058823529412,0.6397058823529411,0.689760348583878, 873
26;65:250:130;F:\GIT\MasterThesisApp\KaryPy\__disertation_experiments\dataset\6\6\contrast_split\straight\26-175.bmp, 50.916965822299204, 0.8147537817933793, 0.7444444444444445,0.7001434720229555,0.6233174350821409,0.5531674208144797,0.4713144517066086,0.45630252100840335,0.5685294117647058,0.5830065359477123,0.5182854537163702,0.4647514819881441,0.4570477247502775,0.3749167591564928,0.40793650793650793,0.42684766214177977,0.4414565826330532,0.5062283737024221,0.4861437908496732,0.6104575163398692,0.6422145328719723,0.5801120448179271,0.6331550802139038,0.7158823529411765,0.6308496732026144, 849
27;185:250:130;F:\GIT\MasterThesisApp\KaryPy\__disertation_experiments\dataset\6\6\contrast_split\straight\27-0.bmp, 48.101041973413054, 0.8952889203775368, 0.645632798573975,0.6485036119711043,0.5257918552036198,0.44328808446455503,0.4722689075630252,0.497671568627451,0.4476190476190476,0.33649237472766885,0.3289760348583878,0.4576883384932921,0.43730517848164907,0.33185185185185184,0.40113289760348586,0.42905982905982903,0.4953560371517028,0.5496388028895769,0.5194014447884416,0.44066047471620223,0.4857585139318885,0.5700722394220846,0.5196608373078961,0.5139495798319328,0.6562659846547315, 816
28;65:250:185;F:\GIT\MasterThesisApp\KaryPy\__disertation_experiments\dataset\6\6\contrast_split\straight\28-170.bmp, 47.152574810166826, 0.8007638396699968, 0.7738562091503268,0.7240896358543417,0.5668347338935574,0.5084967320261438,0.3929193899782135,0.3417211328976035,0.46475887652358244,0.5287758346581876,0.5230392156862745,0.4340557275541796,0.43278029160382103,0.40630252100840336,0.32679738562091504,0.3063983488132095,0.3653250773993808,0.4301659125188537,0.47662957074721785,0.4834914611005693,0.49859943977591037,0.49834087481146305,0.43560784313725487,0.5366946778711484,0.6485671191553545, 751
29;185:250:185;F:\GIT\MasterThesisApp\KaryPy\__disertation_experiments\dataset\6\6\contrast_split\straight\29-10.bmp, 46.79103081088628, 0.4801956592395346, 0.6050420168067226,0.42390289449112983,0.4612044817927171,0.592313725490196,0.5304284676833697,0.5547122074636306,0.5233511586452764,0.4689075630252101,0.503921568627451,0.4979302832244009,0.5281045751633987,0.44104575163398696,0.3700980392156863,0.3046967624259006,0.41624649859943974,0.4068627450980392,0.40164158686730506,0.38942088463292296,0.4680926916221034,0.525751633986928,0.585844093735055,0.6307958477508651,0.6321266968325792, 808
3;185:65:130;F:\GIT\MasterThesisApp\KaryPy\__disertation_experiments\dataset\6\6\contrast_split\straight\3-0.bmp, 108.01015884313635, 0.7507741149201027, 0.6172549019607844,0.42656155245603394,0.4533333333333333,0.4459452916969257,0.3861130334486736,0.32908496732026143,0.4382487241471931,0.34000585308750364,0.5104959630911189,0.5906595365418895,0.5303921568627451,0.5036339869281046,0.3854100780096985,0.5205682272909163,0.33866666666666667,0.38493060145406477,0.4128851540616247,0.38894117647058823,0.38783917607447016,0.43492502883506345,0.42909256725946193,0.49254901960784314,0.6594509803921569, 1909
30;65:250:250;F:\GIT\MasterThesisApp\KaryPy\__disertation_experiments\dataset\6\6\contrast_split\straight\30-0.bmp, 43.23184302443101, 0.8879344512929581, 0.7058823529411765,0.6538789428815004,0.646125116713352,0.6233660130718954,0.6011883541295306,0.5948096885813149,0.6416993464052287,0.6666666666666666,0.6270381836945305,0.5786274509803923,0.5163398692810457,0.3805555555555556,0.34866310160427805,0.3284313725490196,0.5090569561157796,0.4471895424836601,0.48068924539512775,0.5111519607843137,0.5487819370172311,0.5336349924585219,0.5802216538789429,0.6247058823529412,0.7036764705882353, 617
31;185:250:250;F:\GIT\MasterThesisApp\KaryPy\__disertation_experiments\dataset\6\6\contrast_split\straight\31-0.bmp, 43.57185484782934, 0.7254238898936699, 0.7058823529411765,0.7008627450980393,0.6967320261437908,0.6933914306463326,0.6750257997936016,0.6435729847494553,0.6408668730650156,0.6808823529411765,0.6967320261437908,0.6264705882352941,0.6208248816768087,0.422473604826546,0.33499702911467616,0.39012345679012345,0.5299019607843137,0.5761344537815126,0.5266968325791855,0.5377450980392157,0.6753706360593018,0.7200280112044818,0.7318809005083514,0.6910364145658263,0.7241061130334487, 698
32;130:65:65;F:\GIT\MasterThesisApp\KaryPy\__disertation_experiments\dataset\6\6\contrast_split\straight\32-175.bmp, 43.23469224871184, 0.5720548403782977, 0.7913725490196079,0.6670126874279123,0.5731523378582203,0.5219607843137255,0.40751633986928104,0.3241830065359477,0.3091679915209327,0.3794871794871795,0.46776470588235297,0.5663035584604212,0.638562091503268,0.5896193771626297,0.5169747899159663,0.46870588235294114,0.4201193520886616,0.464367816091954,0.46287581699346403,0.44816176470588237,0.49146793852676207,0.4907770515613653,0.5156136528685549,0.577277970011534,0.6823529411764706, 703
33;250:65:65;F:\GIT\MasterThesisApp\KaryPy\__disertation_experiments\dataset\6\6\contrast_split\straight\33-0.bmp, 42.48773999552421, 0.6964339287817436, 0.7067538126361657,0.5874509803921569,0.46462063086104005,0.44379084967320265,0.4922722029988466,0.49907727797001156,0.5321398124467178,0.475222816399287,0.47058823529411764,0.4938562091503268,0.5218300653594771,0.562210338680927,0.6308377896613191,0.6197303921568628,0.5177696078431373,0.39011764705882357,0.3417797888386124,0.3454248366013072,0.4874403815580286,0.5796380090497738,0.5856209150326798,0.6279918864097364,0.7080882352941177, 641
34;130:65:130;F:\GIT\MasterThesisApp\KaryPy\__disertation_experiments\dataset\6\6\contrast_split\straight\34-175.bmp, 39.275117859579005, 0.8204035324908003, 0.750140056022409,0.6871224165341813,0.4955182072829132,0.4023965141612201,0.3316078431372549,0.39294117647058824,0.46991210277214335,0.46410256410256406,0.5179650238473769,0.4549019607843137,0.43083164300202836,0.32311661506707945,0.28293391430646336,0.34219317356572254,0.4704693998811646,0.48253968253968255,0.4435107376283847,0.5310924369747899,0.5295900178253119,0.5464895635673623,0.4869281045751634,0.4918472652218782,0.6419838523644752, 622
35;250:65:130;F:\GIT\MasterThesisApp\KaryPy\__disertation_experiments\dataset\6\6\contrast_split\straight\35-10.bmp, 38.58221398921055, 0.9976399354982346, 0.7529411764705882,0.6003410059676044,0.5436041083099906,0.6017825311942959,0.6080136402387042,0.621505376344086,0.5952528379772961,0.6057315233785822,0.5723981900452488,0.5121278140885983,0.4671826625386997,0.44655281467425684,0.4194677871148459,0.515686274509804,0.49019607843137253,0.5285262492093612,0.4881720430107527,0.46166666666666667,0.3715686274509804,0.39137254901960783,0.4323892519970951,0.5927843137254902,0.738375350140056, 630
36;130:65:185;F:\GIT\MasterThesisApp\KaryPy\__disertation_experiments\dataset\6\6\contrast_split\straight\36-0.bmp, 38.71009262961607, 0.8306386832664913, 0.6722689075630252,0.5556862745098039,0.5024836601307189,0.5096171802054156,0.5184060721062619,0.5146167557932263,0.566421568627451,0.5939542483660131,0.5104364326375711,0.379520697167756,0.32941176470588235,0.27002801120448183,0.3846963175514108,0.4759013282732448,0.5003921568627451,0.5074003795066413,0.47938785270205647,0.421505376344086,0.45597147950089123,0.4297280202403542,0.4886274509803921,0.5180205415499534,0.679123414071511, 628
37;250:65:185;F:\GIT\MasterThesisApp\KaryPy\__disertation_experiments\dataset\6\6\contrast_split\straight\37-0.bmp, 70.18717394462675, 0.6900429352873311, 0.7362229102167183,0.5680464778503994,0.5331981068289384,0.41877209900353585,0.31986084756483235,0.5033986928104576,0.5706214689265537,0.5014524328249819,0.5832156862745098,0.5901960784313726,0.527485380116959,0.5228758169934641,0.43285799168152106,0.3726084373143197,0.4837789661319073,0.5272953625894803,0.5080610021786491,0.43678804855275444,0.5312791783380019,0.5581076875194523,0.5143236955799269,0.6073725490196078,0.6784313725490196, 1329
38;130:65:250;F:\GIT\MasterThesisApp\KaryPy\__disertation_experiments\dataset\6\6\contrast_split\straight\38-0.bmp, 68.96980283682231, 0.8160844327748703, 0.7499245852187029,0.555100880932083,0.525632798573975,0.48678286129266524,0.3805058255186132,0.4946606334841629,0.5671372549019608,0.53792443806791,0.536231884057971,0.5519825708061002,0.5193627450980393,0.5446524064171122,0.45615686274509804,0.31922833649588866,0.3799493991144845,0.4810980392156863,0.4788753237143914,0.4321078431372549,0.4454545454545455,0.5120142602495543,0.531039585645579,0.5875350140056023,0.7954901960784313, 1215
39;250:65:250;F:\GIT\MasterThesisApp\KaryPy\__disertation_experiments\dataset\6\6\contrast_split\straight\39-0.bmp, 34.057414496588606, 0.6217583053683726, 0.7271241830065359,0.6688235294117647,0.6119711042311662,0.5571241830065359,0.5827094474153298,0.5991087344028521,0.47760577915376673,0.3337254901960784,0.36470588235294116,0.35518207282913167,0.3887955182072829,0.434733893557423,0.47581699346405226,0.5262032085561498,0.5662745098039216,0.5872122762148337,0.5707664884135472,0.602387041773231,0.6639928698752228,0.6943790849673203,0.6879795396419437,0.6815686274509805,0.7196078431372549, 475
4;65:65:185;F:\GIT\MasterThesisApp\KaryPy\__disertation_experiments\dataset\6\6\contrast_split\straight\4-0.bmp, 97.11148202103561, 0.8447226732872153, 0.6639517345399699,0.5930662119920431,0.5795008912655972,0.477234262125903,0.5939352485180119,0.672524199553239,0.6351573187414501,0.5503124326653739,0.5198431372549019,0.4265282583621684,0.4555977229601518,0.5194444444444445,0.4827048768225239,0.5699516170104406,0.5612147297943568,0.6775846702317291,0.5830209006679594,0.44429361488185015,0.39475357710651826,0.3891580161476355,0.4649721617041878,0.5465188974140381,0.6866801893171062, 1763
40;130:130:65;F:\GIT\MasterThesisApp\KaryPy\__disertation_experiments\dataset\6\6\contrast_split\straight\40-0.bmp, 35.06342910238121, 0.6477484619675938, 0.6588235294117647,0.6993464052287582,0.6995331465919701,0.6460784313725491,0.6268235294117647,0.6295149638802889,0.626998491704374,0.5469079939668174,0.46048265460030163,0.4028985507246377,0.4550588235294118,0.3915032679738562,0.4681372549019608,0.537091503267974,0.5794509803921568,0.5737556561085974,0.6183529411764707,0.6472895040369089,0.6294117647058823,0.6453996983408747,0.6385026737967914,0.6753812636165578,0.7713725490196078, 522
41;250:130:65;F:\GIT\MasterThesisApp\KaryPy\__disertation_experiments\dataset\6\6\contrast_split\straight\41-175.bmp, 32.016686717490195, 0.9462634898601698, 0.7875816993464053,0.7204705882352941,0.6232277526395174,0.5938997821350763,0.5281568627450981,0.55052790346908,0.491118800461361,0.4969834087481146,0.5542016806722689,0.5938997821350763,0.5506343713956171,0.4329070758738278,0.38790849673202615,0.3976470588235294,0.4468954248366013,0.5019607843137255,0.49754901960784315,0.49719887955182074,0.47139959432048684,0.3890608875128999,0.4611474219317357,0.5030812324929972,0.6606060606060606, 514
42;130:130:130;F:\GIT\MasterThesisApp\KaryPy\__disertation_experiments\dataset\6\6\contrast_split\straight\42-0.bmp, 32.374789095024134, 0.9532823306733635, 0.6941176470588235,0.5475935828877005,0.5024955436720142,0.42598039215686273,0.443343653250774,0.4995572422517394,0.5096774193548387,0.4834733893557423,0.46339869281045754,0.45544286680189316,0.4410130718954248,0.4206535947712418,0.5087809036658141,0.5125319693094629,0.549673202614379,0.5430219146482123,0.5824255628177196,0.5980392156862745,0.5810113519091847,0.5575757575757576,0.5479638009049773,0.6196078431372549,0.7372549019607844, 513
43;250:130:130;F:\GIT\MasterThesisApp\KaryPy\__disertation_experiments\dataset\6\6\contrast_split\straight\43-0.bmp, 33.69207038146211, 0.9450052105347908, 0.6368627450980392,0.6349924585218704,0.6300653594771242,0.6474945533769063,0.5169934640522876,0.34483660130718957,0.31032679738562097,0.3845588235294118,0.4661064425770308,0.5550326797385621,0.6207058823529412,0.5616755793226381,0.5487889273356401,0.5213379469434832,0.5254901960784314,0.5993808049535604,0.6104575163398692,0.6288350634371396,0.6236802413273002,0.6253393665158371,0.6588235294117647,0.6558823529411765,0.732156862745098, 413
44;130:130:185;F:\GIT\MasterThesisApp\KaryPy\__disertation_experiments\dataset\6\6\contrast_split\straight\44-170.bmp, 29.507206691442686, 0.8704120243418428, 0.7490196078431373,0.7500891265597148,0.7145969498910676,0.6573975044563279,0.6374901960784314,0.5843137254901961,0.5151095732410611,0.4,0.30416666666666664,0.296078431372549,0.3057315233785822,0.3955436720142602,0.4546003016591252,0.473202614379085,0.5450980392156862,0.6277777777777778,0.667379679144385,0.6898039215686275,0.7380952380952381,0.7666666666666667,0.726610644257703,0.6525490196078432,0.5882352941176471, 331
45;250:130:185;F:\GIT\MasterThesisApp\KaryPy\__disertation_experiments\dataset\6\6\contrast_split\straight\45-170.bmp, 29.263895324472045, 0.626880104471615, 0.8431372549019608,0.7830065359477124,0.6790849673202614,0.5727941176470588,0.5674019607843137,0.5666666666666667,0.5322128851540616,0.469281045751634,0.45773420479302834,0.48067226890756304,0.4988505747126437,0.5089635854341736,0.5236326109391124,0.5199174406604746,0.5174163783160323,0.4072829131652661,0.35574229691876746,0.2826330532212885,0.4101960784313725,0.3977124183006536,0.5049773755656108,0.6121212121212122,0.7183823529411765, 404
46;130:130:250;F:\GIT\MasterThesisApp\KaryPy\__disertation_experiments\dataset\6\6\contrast_split\straight\46-10.bmp, 27.087346351235524, 0.9381608531347498, 0.646498599439776,0.5803921568627451,0.6199346405228758,0.6473604826546002,0.6526610644257702,0.6428571428571428,0.6284967320261439,0.5780853517877739,0.47197231833910036,0.3776239907727797,0.2918472652218782,0.3190918472652219,0.3166150670794634,0.4006920415224913,0.5019607843137255,0.5598615916955016,0.5972318339100345,0.6276816608996539,0.6616557734204793,0.6926470588235294,0.7163398692810458,0.7722689075630251,0.817156862745098, 364
5;185:65:185;F:\GIT\MasterThesisApp\KaryPy\__disertation_experiments\dataset\6\6\contrast_split\straight\5-0.bmp, 86.8620907139705, 0.39441504354600765, 0.7420168067226891,0.6410427807486632,0.4682782702121945,0.4019607843137255,0.5295324283559578,0.5371173030615755,0.6035294117647059,0.47151877700232636,0.5322128851540616,0.5617366946778711,0.5846451256558962,0.5372076541459957,0.3472895040369089,0.3327503974562798,0.42008032128514056,0.4118184260005372,0.4281928987811341,0.6385076252723312,0.5276339869281045,0.4964705882352941,0.44184873949579834,0.606037970743853,0.6893557422969188, 1607
6;65:65:250;F:\GIT\MasterThesisApp\KaryPy\__disertation_experiments\dataset\6\6\contrast_split\straight\6-0.bmp, 83.0400286457866, 0.4591371829522324, 0.6482207697893972,0.5532913165266107,0.5537254901960784,0.4281639928698752,0.5052696078431372,0.4910216718266254,0.5897254901960785,0.5458521870286576,0.4492244659057653,0.502213788741303,0.5361519607843137,0.5343790849673203,0.4057315233785822,0.34419306184012066,0.4116099071207431,0.43108419838523643,0.4021116138763197,0.6104374057315234,0.5630165912518853,0.5352177234530177,0.46836945304437566,0.6091695501730104,0.6656634746922024, 1496
7;185:65:250;F:\GIT\MasterThesisApp\KaryPy\__disertation_experiments\dataset\6\6\contrast_split\straight\7-0.bmp, 83.11974633535137, 0.4001283511875315, 0.6899346405228758,0.6092508798391152,0.46520261437908494,0.37119514472455645,0.46974789915966386,0.47419354838709676,0.5316526610644258,0.459222333000997,0.41001589825119233,0.4544600938967136,0.5015570934256055,0.37815126050420167,0.45531788472964946,0.4375079063883618,0.3850267379679145,0.37860438292964244,0.35376967688483846,0.4748910675381264,0.47525172231054585,0.3926765887077723,0.4596885813148789,0.4807843137254902,0.596078431372549, 1574
8;65:130:65;F:\GIT\MasterThesisApp\KaryPy\__disertation_experiments\dataset\6\6\contrast_split\straight\8-0.bmp, 82.13751378633503, 0.37980155672799615, 0.7217086834733893,0.6731347084288261,0.5732909379968204,0.4950013808340238,0.4596885813148789,0.5322515212981744,0.615686274509804,0.5454481792717087,0.4017122341894504,0.5510924369747899,0.5825770308123249,0.492390289449113,0.4599516518936342,0.4963963963963964,0.46367389060887515,0.4321350762527233,0.39040247678018575,0.5977906655619994,0.5042707493956488,0.43961352657004826,0.45166240409207165,0.5769848923175828,0.6687306501547987, 1592
9;185:130:65;F:\GIT\MasterThesisApp\KaryPy\__disertation_experiments\dataset\6\6\contrast_split\straight\9-155.bmp, 86.14689263611551, 0.9359756210827741, 0.7992156862745099,0.6035690680766689,0.550640522875817,0.40702826585179525,0.49618163054695563,0.5588725490196078,0.5796568627450981,0.5324553702077846,0.4725490196078431,0.3958886780518659,0.41195144724556493,0.41015406162464985,0.5025210084033613,0.44010695187165777,0.4872846108140226,0.5573669467787115,0.5747577191796258,0.49918484247631634,0.4881142580488986,0.42381989832970224,0.5288920387432081,0.5444160272804774,0.6640522875816994, 1586
